[gd_scene load_steps=29 format=3 uid="uid://uovrmjl7bkr1"]

[ext_resource type="PackedScene" uid="uid://cmttv3d5vcqxl" path="res://subway/subway.blend" id="1_ou60h"]
[ext_resource type="Texture2D" uid="uid://cp0omihvcy12k" path="res://subway/textures/dirty_gravel/brown_mud_rocks_01_diff_2k.png" id="4_a8xiy"]
[ext_resource type="Texture2D" uid="uid://c3xbp1ie5t7bi" path="res://subway/textures/dirty_gravel/brown_mud_rocks_01_nor_gl_2k.png" id="5_gh2iy"]
[ext_resource type="Texture2D" uid="uid://b7gty6sqg3ks0" path="res://subway/textures/dirty_gravel/brown_mud_rocks_01_rough_2k.png" id="6_kwqbe"]
[ext_resource type="PackedScene" uid="uid://g0b77evtnc05" path="res://props/cinder_blocks/cinder_blocks.blend" id="8_5jl2d"]
[ext_resource type="PackedScene" uid="uid://c1dih214ogm2k" path="res://props/barrel/barrel.tscn" id="16_xduic"]
[ext_resource type="PackedScene" uid="uid://dipcdygb4l1pj" path="res://props/barrel/barrel_no_fire.tscn" id="17_ea01l"]
[ext_resource type="PackedScene" uid="uid://k70c4ff2wtrg" path="res://props/dirt_chunks/dirt_chunk.blend" id="17_j1avb"]
[ext_resource type="PackedScene" uid="uid://s0o6gmawe2a4" path="res://props/trash/trash.blend" id="21_e3wjv"]
[ext_resource type="Texture2D" uid="uid://cfxy7kvcc0ttb" path="res://props/decals/graffiti_1.png" id="21_oyu7p"]
[ext_resource type="PackedScene" uid="uid://b6mw3pr8jye0x" path="res://props/trash_can/trashcan.blend" id="22_2qt8c"]
[ext_resource type="Texture2D" uid="uid://cldit7dku5vhb" path="res://props/decals/graffiti_2.png" id="22_5ssud"]
[ext_resource type="LightmapGIData" uid="uid://cfgpculswv0gy" path="res://subway/subway.lmbake" id="22_tv01q"]
[ext_resource type="Texture2D" uid="uid://c51ftjqcgdfi6" path="res://props/decals/graffiti_4.png" id="24_ncai0"]
[ext_resource type="PackedScene" uid="uid://cotilwrgd6727" path="res://props/cork_board/corkboard.tscn" id="24_vvvte"]
[ext_resource type="Texture2D" uid="uid://bwbixth2l0r7w" path="res://props/decals/graffiti_5.png" id="25_rtbq6"]
[ext_resource type="Texture2D" uid="uid://cgnmpdf6jbred" path="res://props/decals/graffiti_wall.png" id="26_6rur6"]
[ext_resource type="Texture2D" uid="uid://dcjd1spppvwi" path="res://props/decals/graffiti_wall2.png" id="27_bibqq"]
[ext_resource type="Texture2D" uid="uid://cg1ayye7a4qw7" path="res://props/decals/soot.png" id="29_mnlcg"]
[ext_resource type="AudioStream" uid="uid://c2eunuparr564" path="res://sound/audio.mp3" id="32_caesh"]
[ext_resource type="PackedScene" uid="uid://3bnhatpu5a2h" path="res://outside_walls/outside_walls.tscn" id="32_tpnap"]
[ext_resource type="Texture2D" uid="uid://dk6cjwhhajtr4" path="res://props/decals/safety_stripe.png" id="33_yuiwk"]

[sub_resource type="BoxShape3D" id="BoxShape3D_0be7a"]
size = Vector3(0.359004, 2.42832, 6.49793)

[sub_resource type="BoxMesh" id="BoxMesh_yyk0h"]
size = Vector3(20, 5, 20)

[sub_resource type="StandardMaterial3D" id="StandardMaterial3D_7plhq"]
albedo_texture = ExtResource("4_a8xiy")
roughness_texture = ExtResource("6_kwqbe")
normal_enabled = true
normal_texture = ExtResource("5_gh2iy")
uv1_scale = Vector3(0.2, 0.2, 0.2)
uv1_triplanar = true

[sub_resource type="ProceduralSkyMaterial" id="ProceduralSkyMaterial_uxiku"]

[sub_resource type="Sky" id="Sky_3c7ej"]
sky_material = SubResource("ProceduralSkyMaterial_uxiku")

[sub_resource type="Environment" id="Environment_x5l7u"]
background_mode = 2
sky = SubResource("Sky_3c7ej")
ambient_light_source = 3
reflected_light_source = 2
tonemap_mode = 4
tonemap_white = 7.0
ssr_enabled = true
ssao_enabled = true
ssil_enabled = true
sdfgi_use_occlusion = true
sdfgi_bounce_feedback = 1.2
sdfgi_min_cell_size = 0.5
glow_enabled = true
glow_normalized = true
glow_bloom = 0.1
fog_enabled = true
fog_aerial_perspective = 0.97
volumetric_fog_enabled = true
volumetric_fog_density = 0.025
adjustment_enabled = true
adjustment_saturation = 1.15

[node name="subway" type="Node3D"]

[node name="subway" parent="." instance=ExtResource("1_ou60h")]

[node name="Suzanne" parent="subway" index="68"]
transform = Transform3D(0.96007466, 0, -0.2797439, 0, 1, 0, 0.2797439, 0, 0.96007466, -3.3714964, 3.609686, -73.510155)
mesh = null

[node name="window_019_cell_004" parent="subway" index="112"]
visible = false

[node name="window_019_cell_006" parent="subway" index="113"]
visible = false

[node name="window_019_cell_024" parent="subway" index="127"]
visible = false

[node name="CollisionShape3D" parent="subway/ramp/StaticBody3D" index="0"]
transform = Transform3D(1, 0, 0, -5.9604645e-08, 1, 0, 0, 0, 1, -0.00036144257, -0.00021910667, 0.004542351)

[node name="rail_collider" type="StaticBody3D" parent="subway"]
transform = Transform3D(1, 0, 0, 0, 1, 0, 0, 0, 1, -6.31087, 0.297721, 0)

[node name="CollisionPolygon3D" type="CollisionPolygon3D" parent="subway/rail_collider"]
depth = 150.0
polygon = PackedVector2Array(2, -0.5, -2, -0.5, -0.895, 0.026, 0.895, 0.027)

[node name="rail_collider2" type="StaticBody3D" parent="subway"]
transform = Transform3D(1, 0, 0, 0, 1, 0, 0, 0, 1, 0.114106, 0.297721, 0)

[node name="CollisionPolygon3D" type="CollisionPolygon3D" parent="subway/rail_collider2"]
depth = 150.0
polygon = PackedVector2Array(2, -0.5, -2, -0.5, -0.895, 0.026, 0.895, 0.027)

[node name="inviswall" type="StaticBody3D" parent="subway"]
transform = Transform3D(1, 0, 0, 0, 1, 0, 0, 0, 1, -7.71091, 3.10601, 22.8715)

[node name="CollisionShape3D" type="CollisionShape3D" parent="subway/inviswall"]
shape = SubResource("BoxShape3D_0be7a")

[node name="MeshInstance3D" type="MeshInstance3D" parent="subway"]
transform = Transform3D(1, 0, 0, 0, -0.233768, -0.972292, 0, 0.972292, -0.233768, -2.2455, 1.40812, 79.22)
mesh = SubResource("BoxMesh_yyk0h")
surface_material_override/0 = SubResource("StandardMaterial3D_7plhq")

[node name="outside_walls" parent="." instance=ExtResource("32_tpnap")]

[node name="dirt_piles" type="Node3D" parent="."]

[node name="dirt_chunk" parent="dirt_piles" instance=ExtResource("17_j1avb")]
transform = Transform3D(1.99958, 0.041152, 0, -0.041152, 1.99958, 0, 0, 0, 2, 8.72658, 2.15748, 5.19468)

[node name="dirt_chunk2" parent="dirt_piles" instance=ExtResource("17_j1avb")]
transform = Transform3D(0.0305006, 0.000627711, 1.99977, -0.041152, 1.99958, 9.16253e-10, -1.99934, -0.0411472, 0.0305071, 7.59037, 2.15748, 8.19468)

[node name="dirt_chunk3" parent="dirt_piles" instance=ExtResource("17_j1avb")]
transform = Transform3D(-1.79846, -0.265102, -0.833823, -0.242543, 1.98235, -0.107121, 0.840662, 0.00479253, -1.81474, 9.05663, 2.10187, 23.7595)

[node name="dirt_chunk4" parent="dirt_piles" instance=ExtResource("17_j1avb")]
transform = Transform3D(0.810737, -0.211404, -1.81604, 0.0631269, 1.98864, -0.203313, 1.82722, 0.0250962, 0.812804, 8.8305, 2.05577, 20.5599)

[node name="dirt_chunk5" parent="dirt_piles" instance=ExtResource("17_j1avb")]
transform = Transform3D(2.99631, -0.112615, 0.0971405, 0.11499, 2.99692, -0.0725655, -0.0943169, 0.0761996, 2.99755, 9.46184, 2.37271, 27.1803)

[node name="dirt_chunk6" parent="dirt_piles" instance=ExtResource("17_j1avb")]
transform = Transform3D(-0.0478737, -0.175265, 2.99449, 0.0136325, 2.99483, 0.175503, -2.99959, 0.0164081, -0.0469951, 8.42529, 2.23325, 30.2129)

[node name="dirt_chunk7" parent="dirt_piles" instance=ExtResource("17_j1avb")]
transform = Transform3D(2.79763, -0.133371, -1.07493, 0.11499, 2.99692, -0.0725655, 1.07705, 0.0264684, 2.79987, 8.28976, 2.37271, 44.6582)

[node name="dirt_chunk8" parent="dirt_piles" instance=ExtResource("17_j1avb")]
transform = Transform3D(0.691601, -0.173915, 2.91401, -0.0946186, 2.99176, 0.201012, -2.91766, -0.138246, 0.684216, 7.3558, 2.47992, 47.05)

[node name="dirt_chunk9" parent="dirt_piles" instance=ExtResource("17_j1avb")]
transform = Transform3D(2.08083, 0.543716, 2.09154, -0.507002, 2.94528, -0.261249, -2.10074, -0.172267, 2.13477, -15.7056, 2.59904, 43.101)

[node name="dirt_chunk25" parent="dirt_piles" instance=ExtResource("17_j1avb")]
transform = Transform3D(2.98719, 0.14372, -0.236695, -0.157059, 2.99129, -0.165863, 0.228063, 0.177546, 2.98605, -8.934, 0.272122, 59.9279)

[node name="dirt_chunk10" parent="dirt_piles" instance=ExtResource("17_j1avb")]
transform = Transform3D(-2.06926, 0.458306, 2.12323, 0.193553, 2.9597, -0.450226, -2.1635, -0.173558, -2.07103, -14.4062, 2.50682, 47.3745)

[node name="dirt_chunk11" parent="dirt_piles" instance=ExtResource("17_j1avb")]
transform = Transform3D(2.08083, 0.543716, 2.09154, -0.507002, 2.94528, -0.261249, -2.10074, -0.172267, 2.13477, -15.7056, 2.59904, 19.9927)

[node name="dirt_chunk12" parent="dirt_piles" instance=ExtResource("17_j1avb")]
transform = Transform3D(-2.06926, 0.458306, 2.12323, 0.298595, 2.96464, -0.34892, -2.15152, -0.0293394, -2.09048, -14.4062, 2.44215, 24.3861)

[node name="dirt_chunk13" parent="dirt_piles" instance=ExtResource("17_j1avb")]
transform = Transform3D(2.95609, 0.49889, -0.112433, -0.501572, 2.95703, -0.0663582, 0.0997885, 0.0841847, 2.99716, -13.9507, 2.33804, 4.44869)

[node name="dirt_chunk14" parent="dirt_piles" instance=ExtResource("17_j1avb")]
transform = Transform3D(0.148614, 0.441111, 2.96367, -0.00142657, 2.96732, -0.441583, -2.99632, 0.0204658, 0.147205, -16.161, 2.4986, 8.32802)

[node name="dirt_chunk20" parent="dirt_piles" instance=ExtResource("17_j1avb")]
transform = Transform3D(2.98264, -0.309226, -0.0906189, 0.30639, 2.98283, -0.0939834, 0.0997885, 0.0841847, 2.99716, 9.12501, 2.38091, -11.9774)

[node name="dirt_chunk24" parent="dirt_piles" instance=ExtResource("17_j1avb")]
transform = Transform3D(2.99437, -0.156638, -0.0961001, 0.153263, 2.99424, -0.10496, 0.101397, 0.0998536, 2.99662, 9.12501, 2.30853, -24.5051)

[node name="dirt_chunk21" parent="dirt_piles" instance=ExtResource("17_j1avb")]
transform = Transform3D(0.143593, -0.367655, 2.97392, 0.0383281, 2.97732, 0.366224, -2.99632, 0.0204658, 0.147205, 6.95221, 1.94515, -8.09805)

[node name="dirt_chunk22" parent="dirt_piles" instance=ExtResource("17_j1avb")]
transform = Transform3D(2.99715, 0.00102934, 0.130646, 0.00832605, 2.9923, -0.214569, -0.130385, 0.214728, 2.98946, 6.49178, 2.2198, -48.6514)

[node name="dirt_chunk26" parent="dirt_piles" instance=ExtResource("17_j1avb")]
transform = Transform3D(2.99449, 0.131067, 0.125779, -0.126267, 2.99513, -0.11494, -0.130597, 0.109434, 2.99516, -0.995881, 0.269505, -57.1942)

[node name="dirt_chunk27" parent="dirt_piles" instance=ExtResource("17_j1avb")]
transform = Transform3D(0.965257, 0.200487, 2.83339, 0.00832605, 2.9923, -0.214569, -2.84046, 0.0769011, 0.962227, -2.7235, 0.376256, -53.7313)

[node name="dirt_chunk29" parent="dirt_piles" instance=ExtResource("17_j1avb")]
transform = Transform3D(-2.88658, 0.319951, 0.751833, 0.25689, 2.97583, -0.280095, -0.775646, -0.205127, -2.89073, -1.20097, 0.462508, -59.7603)

[node name="dirt_chunk31" parent="dirt_piles" instance=ExtResource("17_j1avb")]
transform = Transform3D(-2.89785, 0.00587348, 0.77613, -0.0436707, 2.99392, -0.185715, -0.774921, -0.190689, -2.89191, 1.53248, 0.422839, -67.4532)

[node name="dirt_chunk30" parent="dirt_piles" instance=ExtResource("17_j1avb")]
transform = Transform3D(-1.77068, -0.00774947, -2.4217, -0.0988181, 2.99771, 0.0626606, 2.41969, 0.116754, -1.76959, 0.563677, 0.331238, -62.5446)

[node name="dirt_chunk28" parent="dirt_piles" instance=ExtResource("17_j1avb")]
transform = Transform3D(-1.65488, 0.0282887, 2.50211, -0.149797, 2.99331, -0.132918, -2.49778, -0.198258, -1.64978, -3.69398, 0.318722, -50.9247)

[node name="dirt_chunk23" parent="dirt_piles" instance=ExtResource("17_j1avb")]
transform = Transform3D(-2.44568, -0.181064, 1.72797, 0.0383281, 2.97732, 0.366224, -1.73701, 0.320632, -2.42487, 8.58656, 1.94515, -43.7284)

[node name="dirt_chunk15" parent="dirt_piles" instance=ExtResource("17_j1avb")]
transform = Transform3D(2.95609, 0.49889, -0.112433, -0.501572, 2.95703, -0.0663582, 0.0997885, 0.0841847, 2.99716, -13.9507, 2.05448, -29.1024)

[node name="dirt_chunk16" parent="dirt_piles" instance=ExtResource("17_j1avb")]
transform = Transform3D(0.148614, 0.441111, 2.96367, -0.00142657, 2.96732, -0.441583, -2.99632, 0.0204658, 0.147205, -16.161, 2.21503, -25.2231)

[node name="dirt_chunk17" parent="dirt_piles" instance=ExtResource("17_j1avb")]
transform = Transform3D(2.91112, 0.481628, -0.541703, -0.501572, 2.95703, -0.0663582, 0.523293, 0.154959, 2.94995, -11.9306, 2.246, -47.251)

[node name="dirt_chunk18" parent="dirt_piles" instance=ExtResource("17_j1avb")]
transform = Transform3D(1.68796, 0.365848, 2.45295, -0.00142657, 2.96732, -0.441583, -2.48008, 0.247292, 1.66975, -15.704, 2.40656, -45.0913)

[node name="dirt_chunk19" parent="dirt_piles" instance=ExtResource("17_j1avb")]
transform = Transform3D(1.68796, 0.365848, 2.45295, -0.119896, 2.97575, -0.361317, -2.47718, 0.105263, 1.68893, -15.9964, 2.32325, -9.86226)

[node name="random_floor_junk" type="Node3D" parent="."]

[node name="cinder_blocks" parent="random_floor_junk" instance=ExtResource("8_5jl2d")]
transform = Transform3D(1, 0, 0, 0, 0.999891, 0.0147475, 0, -0.0147475, 0.999891, -2.5035, 0.000698924, 21.1665)

[node name="cinder_blocks4" parent="random_floor_junk" instance=ExtResource("8_5jl2d")]
transform = Transform3D(0.738973, -0.00993592, 0.673662, -3.67604e-10, 0.999891, 0.0147475, -0.673735, -0.010898, 0.738892, -11.63, 2.00056, -43.4913)

[node name="cinder_blocks7" parent="random_floor_junk" instance=ExtResource("8_5jl2d")]
transform = Transform3D(0.740957, -0.00990372, 0.67148, -3.82155e-10, 0.999891, 0.0147475, -0.671553, -0.0109273, 0.740876, -11.0289, 2.00152, -12.8138)

[node name="cinder_blocks8" parent="random_floor_junk" instance=ExtResource("8_5jl2d")]
transform = Transform3D(-0.0490762, 0.0147297, -0.998686, -1.07222e-09, 0.999891, 0.0147475, 0.998795, 0.000723764, -0.0490708, 5.67613, 2.00152, -12.7894)

[node name="cinder_blocks5" parent="random_floor_junk" instance=ExtResource("8_5jl2d")]
transform = Transform3D(0.803318, -0.0041886, 0.595536, 0.0142874, 0.999823, -0.0122401, -0.595379, 0.0183413, 0.803236, -2.62104, -0.00199211, 8.21002)

[node name="cinder_blocks6" parent="random_floor_junk" instance=ExtResource("8_5jl2d")]
transform = Transform3D(-0.232047, 0.0152226, 0.972585, 0.0142874, 0.999823, -0.0122401, -0.9726, 0.0110554, -0.232223, -2.31111, -0.00199211, 4.46562)

[node name="cinder_blocks3" parent="random_floor_junk" instance=ExtResource("8_5jl2d")]
transform = Transform3D(0.948451, 0, 0.316924, 0.00464065, 0.999893, -0.013888, -0.31689, 0.0146428, 0.948349, -2.5134, -0.0436079, 63.9994)

[node name="barrel" parent="random_floor_junk" instance=ExtResource("16_xduic")]
transform = Transform3D(1, 0, 0, 0, 1, 0, 0, 0, 1, -2.95124, 0.709212, 66.9447)

[node name="barrel2" parent="random_floor_junk" instance=ExtResource("17_ea01l")]
transform = Transform3D(1, 0, 0, 0, 1, 0, 0, 0, 1, -3.57096, 0.777302, 22.919)

[node name="trash" parent="random_floor_junk" instance=ExtResource("21_e3wjv")]
transform = Transform3D(1, 0, 0, 0, 1, 0, 0, 0, 1, -2.26365, -0.0306011, 68.6484)

[node name="trash2" parent="random_floor_junk" instance=ExtResource("21_e3wjv")]
transform = Transform3D(-0.0828083, 0, 0.996566, 0, 1, 0, -0.996566, 0, -0.0828083, -3.73483, -0.0306011, 68.5769)

[node name="trash3" parent="random_floor_junk" instance=ExtResource("21_e3wjv")]
transform = Transform3D(-0.775242, 0, -0.631664, 0, 1, 0, 0.631664, 0, -0.775242, -3.95273, -0.0306011, 66.1876)

[node name="trash4" parent="random_floor_junk" instance=ExtResource("21_e3wjv")]
transform = Transform3D(-0.620121, 0, 0.784506, 0, 1, 0, -0.784506, 0, -0.620121, -4.29309, -0.0306011, 67.608)

[node name="trash5" parent="random_floor_junk" instance=ExtResource("21_e3wjv")]
transform = Transform3D(-0.620121, 0, 0.784506, 0, 1, 0, -0.784506, 0, -0.620121, -4.29309, -0.0306011, 65.1365)

[node name="trash22" parent="random_floor_junk" instance=ExtResource("21_e3wjv")]
transform = Transform3D(-0.184706, 0, -0.982794, 0, 1, 0, 0.982794, 0, -0.184706, 1.04525, 0.0849487, 54.7791)

[node name="trash23" parent="random_floor_junk" instance=ExtResource("21_e3wjv")]
transform = Transform3D(-0.979952, 0, 0.199231, 0, 1, 0, -0.199231, 0, -0.979952, 0.10695, 0.0849487, 54.1956)

[node name="trash6" parent="random_floor_junk" instance=ExtResource("21_e3wjv")]
transform = Transform3D(1, 0, 0, 0, 1, 0, 0, 0, 1, -2.26365, 0.0169833, 24.429)

[node name="trash7" parent="random_floor_junk" instance=ExtResource("21_e3wjv")]
transform = Transform3D(-0.0828083, 0, 0.996566, 0, 1, 0, -0.996566, 0, -0.0828083, -3.73483, 0.0169833, 24.3575)

[node name="trash8" parent="random_floor_junk" instance=ExtResource("21_e3wjv")]
transform = Transform3D(-0.775242, 0, -0.631664, 0, 1, 0, 0.631664, 0, -0.775242, -3.95273, 0.0169833, 21.9682)

[node name="trash9" parent="random_floor_junk" instance=ExtResource("21_e3wjv")]
transform = Transform3D(-0.620121, 0, 0.784506, 0, 1, 0, -0.784506, 0, -0.620121, -4.29309, 0.0169833, 23.3886)

[node name="trash10" parent="random_floor_junk" instance=ExtResource("21_e3wjv")]
transform = Transform3D(-0.620121, 0, 0.784506, 0, 1, 0, -0.784506, 0, -0.620121, -4.29309, 0.0169833, 20.917)

[node name="trash11" parent="random_floor_junk" instance=ExtResource("21_e3wjv")]
transform = Transform3D(0.875456, 0, -0.483298, 0, 1, 0, 0.483298, 0, 0.875456, -2.67322, -0.0386457, -11.6564)

[node name="trash12" parent="random_floor_junk" instance=ExtResource("21_e3wjv")]
transform = Transform3D(0.409143, 0, 0.91247, 0, 1, 0, -0.91247, 0, 0.409143, -3.92663, -0.0386457, -12.43)

[node name="trash13" parent="random_floor_junk" instance=ExtResource("21_e3wjv")]
transform = Transform3D(-0.983972, 0, -0.178321, 0, 1, 0, 0.178321, 0, -0.983972, -2.96265, -0.0386457, -14.6271)

[node name="trash14" parent="random_floor_junk" instance=ExtResource("21_e3wjv")]
transform = Transform3D(-0.163739, 0, 0.986504, 0, 1, 0, -0.986504, 0, -0.163739, -3.9471, -0.0386457, -13.5481)

[node name="trash15" parent="random_floor_junk" instance=ExtResource("21_e3wjv")]
transform = Transform3D(-0.163739, 0, 0.986504, 0, 1, 0, -0.986504, 0, -0.163739, -2.75258, -0.0386457, -15.7118)

[node name="trash16" parent="random_floor_junk" instance=ExtResource("21_e3wjv")]
transform = Transform3D(-0.358824, 0, -0.933405, 0, 1, 0, 0.933405, 0, -0.358824, -11.003, 2.0014, -36.2532)

[node name="trash17" parent="random_floor_junk" instance=ExtResource("21_e3wjv")]
transform = Transform3D(0.0633653, 0, 0.99799, 0, 1, 0, -0.99799, 0, 0.0633653, -11.6105, 2.0014, -36.7303)

[node name="trash18" parent="random_floor_junk" instance=ExtResource("21_e3wjv")]
transform = Transform3D(-0.859049, 0, -0.511893, 0, 1, 0, 0.511893, 0, -0.859049, -11.4778, 2.0014, -39.1258)

[node name="trash21" parent="random_floor_junk" instance=ExtResource("21_e3wjv")]
transform = Transform3D(-0.0600554, 0, -0.998195, 0, 1, 0, 0.998195, 0, -0.0600554, -10.8285, 2.0014, -39.4467)

[node name="trash19" parent="random_floor_junk" instance=ExtResource("21_e3wjv")]
transform = Transform3D(-0.499123, 0, 0.866531, 0, 1, 0, -0.866531, 0, -0.499123, -12.0216, 2.0014, -37.7702)

[node name="trash24" parent="random_floor_junk" instance=ExtResource("21_e3wjv")]
transform = Transform3D(0.875389, 0, 0.48342, 0, 1, 0, -0.48342, 0, 0.875389, -14.0145, 2.0014, -33.0251)

[node name="trash25" parent="random_floor_junk" instance=ExtResource("21_e3wjv")]
transform = Transform3D(-0.690832, 0, -0.723015, 0, 1, 0, 0.723015, 0, -0.690832, -13.8566, 2.0014, -32.269)

[node name="trash26" parent="random_floor_junk" instance=ExtResource("21_e3wjv")]
transform = Transform3D(-0.175727, 0, -0.984439, 0, 1, 0, 0.984439, 0, -0.175727, -14.2114, 2.0014, -31.2085)

[node name="trash27" parent="random_floor_junk" instance=ExtResource("21_e3wjv")]
transform = Transform3D(0.875389, 0, 0.48342, 0, 1, 0, -0.48342, 0, 0.875389, -14.0145, 2.0014, -28.0251)

[node name="trash28" parent="random_floor_junk" instance=ExtResource("21_e3wjv")]
transform = Transform3D(-0.690832, 0, -0.723015, 0, 1, 0, 0.723015, 0, -0.690832, -13.8566, 2.0014, -27.269)

[node name="trash29" parent="random_floor_junk" instance=ExtResource("21_e3wjv")]
transform = Transform3D(-0.175727, 0, -0.984439, 0, 1, 0, 0.984439, 0, -0.175727, -14.2114, 2.0014, -26.2085)

[node name="trash108" parent="random_floor_junk" instance=ExtResource("21_e3wjv")]
transform = Transform3D(-0.713067, 0, -0.701096, 0, 1, 0, 0.701096, 0, -0.713067, -3.14076, 1.182, -0.0836621)

[node name="trash30" parent="random_floor_junk" instance=ExtResource("21_e3wjv")]
transform = Transform3D(-0.823236, 0, -0.5677, 0, 1, 0, 0.5677, 0, -0.823236, -13.9555, 2.0014, -22.5366)

[node name="trash31" parent="random_floor_junk" instance=ExtResource("21_e3wjv")]
transform = Transform3D(0.615868, 0, 0.78785, 0, 1, 0, -0.78785, 0, 0.615868, -14.1875, 2.0014, -23.2734)

[node name="trash32" parent="random_floor_junk" instance=ExtResource("21_e3wjv")]
transform = Transform3D(0.077415, 0, 0.996999, 0, 1, 0, -0.996999, 0, 0.077415, -13.9395, 2.0014, -24.3637)

[node name="trash33" parent="random_floor_junk" instance=ExtResource("21_e3wjv")]
transform = Transform3D(-0.823236, 0, -0.5677, 0, 1, 0, 0.5677, 0, -0.823236, -12.8227, 2.0014, -16.8893)

[node name="trash34" parent="random_floor_junk" instance=ExtResource("21_e3wjv")]
transform = Transform3D(0.615868, 0, 0.78785, 0, 1, 0, -0.78785, 0, 0.615868, -13.0547, 2.0014, -17.6261)

[node name="trash35" parent="random_floor_junk" instance=ExtResource("21_e3wjv")]
transform = Transform3D(0.077415, 0, 0.996999, 0, 1, 0, -0.996999, 0, 0.077415, -12.8067, 2.0014, -18.7164)

[node name="trash36" parent="random_floor_junk" instance=ExtResource("21_e3wjv")]
transform = Transform3D(-0.823236, 0, -0.5677, 0, 1, 0, 0.5677, 0, -0.823236, -13.9142, 2.0014, -13.0603)

[node name="trash37" parent="random_floor_junk" instance=ExtResource("21_e3wjv")]
transform = Transform3D(0.615868, 0, 0.78785, 0, 1, 0, -0.78785, 0, 0.615868, -14.1462, 2.0014, -13.7971)

[node name="trash38" parent="random_floor_junk" instance=ExtResource("21_e3wjv")]
transform = Transform3D(0.077415, 0, 0.996999, 0, 1, 0, -0.996999, 0, 0.077415, -13.8981, 2.0014, -14.8875)

[node name="trash39" parent="random_floor_junk" instance=ExtResource("21_e3wjv")]
transform = Transform3D(-0.163171, 0, -0.986598, 0, 1, 0, 0.986598, 0, -0.163171, -12.6825, 2.0014, -9.45224)

[node name="trash40" parent="random_floor_junk" instance=ExtResource("21_e3wjv")]
transform = Transform3D(-0.139242, 0, 0.990258, 0, 1, 0, -0.990258, 0, -0.139242, -13.3737, 2.0014, -9.79694)

[node name="trash41" parent="random_floor_junk" instance=ExtResource("21_e3wjv")]
transform = Transform3D(-0.663652, 0, 0.748041, 0, 1, 0, -0.748041, 0, -0.663652, -13.9861, 2.0014, -10.7326)

[node name="trash42" parent="random_floor_junk" instance=ExtResource("21_e3wjv")]
transform = Transform3D(0.944772, 0, -0.327729, 0, 1, 0, 0.327729, 0, 0.944772, -12.7576, 2.0014, -7.57471)

[node name="trash43" parent="random_floor_junk" instance=ExtResource("21_e3wjv")]
transform = Transform3D(-0.999541, 0, 0.0302942, 0, 1, 0, -0.0302942, 0, -0.999541, -13.2143, 2.0014, -6.95174)

[node name="trash44" parent="random_floor_junk" instance=ExtResource("21_e3wjv")]
transform = Transform3D(-0.849534, 0, -0.527534, 0, 1, 0, 0.527534, 0, -0.849534, -14.24, 2.0014, -6.50649)

[node name="trash45" parent="random_floor_junk" instance=ExtResource("21_e3wjv")]
transform = Transform3D(0.827835, 0, 0.560972, 0, 1, 0, -0.560972, 0, 0.827835, -13.7236, 2.0014, -3.16636)

[node name="trash46" parent="random_floor_junk" instance=ExtResource("21_e3wjv")]
transform = Transform3D(-0.622269, 0, -0.782804, 0, 1, 0, 0.782804, 0, -0.622269, -13.4976, 2.0014, -2.42773)

[node name="trash47" parent="random_floor_junk" instance=ExtResource("21_e3wjv")]
transform = Transform3D(-0.0855384, 0, -0.996335, 0, 1, 0, 0.996335, 0, -0.0855384, -13.7546, 2.0014, -1.33942)

[node name="trash48" parent="random_floor_junk" instance=ExtResource("21_e3wjv")]
transform = Transform3D(0.827835, 0, 0.560972, 0, 1, 0, -0.560972, 0, 0.827835, -13.9833, 2.0014, 2.41842)

[node name="trash49" parent="random_floor_junk" instance=ExtResource("21_e3wjv")]
transform = Transform3D(-0.622269, 0, -0.782804, 0, 1, 0, 0.782804, 0, -0.622269, -13.7574, 2.0014, 3.15705)

[node name="trash50" parent="random_floor_junk" instance=ExtResource("21_e3wjv")]
transform = Transform3D(-0.0855384, 0, -0.996335, 0, 1, 0, 0.996335, 0, -0.0855384, -14.0143, 2.0014, 4.24536)

[node name="trash51" parent="random_floor_junk" instance=ExtResource("21_e3wjv")]
transform = Transform3D(-0.575395, 0.265657, -0.773529, 0.0843875, 0.960014, 0.266931, 0.813511, 0.0883143, -0.574805, -14.0729, 2.2258, 8.35012)

[node name="trash113" parent="random_floor_junk" instance=ExtResource("21_e3wjv")]
transform = Transform3D(-0.583637, 0.222983, -0.780799, 0.174219, 0.973551, 0.147804, 0.793105, -0.0497664, -0.607048, -12.9296, 2.18277, 5.50527)

[node name="trash52" parent="random_floor_junk" instance=ExtResource("21_e3wjv")]
transform = Transform3D(0.329674, 0, 0.944095, 0, 1, 0, -0.944095, 0, 0.329674, -14.0319, 2.0014, 7.72715)

[node name="trash53" parent="random_floor_junk" instance=ExtResource("21_e3wjv")]
transform = Transform3D(-0.247439, 0, 0.968903, 0, 1, 0, -0.968903, 0, -0.247439, -14.1478, 2.0014, 6.61496)

[node name="trash54" parent="random_floor_junk" instance=ExtResource("21_e3wjv")]
transform = Transform3D(0.822144, 0, 0.56928, 0, 1, 0, -0.56928, 0, 0.822144, -12.8257, 2.0014, 12.9038)

[node name="trash55" parent="random_floor_junk" instance=ExtResource("21_e3wjv")]
transform = Transform3D(-0.614354, 0, -0.78903, 0, 1, 0, 0.78903, 0, -0.614354, -12.5923, 2.0014, 13.6401)

[node name="trash78" parent="random_floor_junk" instance=ExtResource("21_e3wjv")]
transform = Transform3D(-0.614354, 0, -0.78903, 0, 1, 0, 0.78903, 0, -0.614354, 6.77977, 2.0014, 13.6401)

[node name="trash79" parent="random_floor_junk" instance=ExtResource("21_e3wjv")]
transform = Transform3D(-0.978584, 0, -0.205846, 0, 1, 0, 0.205846, 0, -0.978584, 6.77977, 2.0014, 12.7266)

[node name="trash96" parent="random_floor_junk" instance=ExtResource("21_e3wjv")]
transform = Transform3D(0.97568, 0, -0.219199, 0, 1, 0, 0.219199, 0, 0.97568, 7.19291, 2.0014, 15.1687)

[node name="trash97" parent="random_floor_junk" instance=ExtResource("21_e3wjv")]
transform = Transform3D(0.603514, 0, -0.797352, 0, 1, 0, 0.797352, 0, 0.603514, 6.36662, 2.0014, 15.5583)

[node name="trash98" parent="random_floor_junk" instance=ExtResource("21_e3wjv")]
transform = Transform3D(0.557064, 0, 0.830469, 0, 1, 0, -0.830469, 0, 0.557064, 7.96203, 2.0014, 22.1448)

[node name="trash99" parent="random_floor_junk" instance=ExtResource("21_e3wjv")]
transform = Transform3D(0.961593, 0, 0.274479, 0, 1, 0, -0.274479, 0, 0.961593, 8.02658, 2.0014, 23.0561)

[node name="trash100" parent="random_floor_junk" instance=ExtResource("21_e3wjv")]
transform = Transform3D(0.557064, 0, 0.830469, 0, 1, 0, -0.830469, 0, 0.557064, 7.96203, 2.0014, 29.2625)

[node name="trash101" parent="random_floor_junk" instance=ExtResource("21_e3wjv")]
transform = Transform3D(0.961593, 0, 0.274479, 0, 1, 0, -0.274479, 0, 0.961593, 8.02658, 2.0014, 30.1737)

[node name="trash102" parent="random_floor_junk" instance=ExtResource("21_e3wjv")]
transform = Transform3D(0.981443, 0, 0.191751, 0, 1, 0, -0.191751, 0, 0.981443, 8.29421, 2.0014, 33.4119)

[node name="trash103" parent="random_floor_junk" instance=ExtResource("21_e3wjv")]
transform = Transform3D(0.873254, 0, -0.487265, 0, 1, 0, 0.487265, 0, 0.873254, 7.6944, 2.0014, 34.1009)

[node name="trash104" parent="random_floor_junk" instance=ExtResource("21_e3wjv")]
transform = Transform3D(0.891774, 0, 0.452481, 0, 1, 0, -0.452481, 0, 0.891774, 8.18873, 2.0014, 41.815)

[node name="trash105" parent="random_floor_junk" instance=ExtResource("21_e3wjv")]
transform = Transform3D(0.973126, 0, -0.23027, 0, 1, 0, 0.23027, 0, 0.973126, 7.79988, 2.0014, 42.6417)

[node name="trash106" parent="random_floor_junk" instance=ExtResource("21_e3wjv")]
transform = Transform3D(-0.997684, 0, -0.0680152, 0, 1, 0, 0.0680152, 0, -0.997684, 5.80846, 2.0014, 46.5413)

[node name="trash107" parent="random_floor_junk" instance=ExtResource("21_e3wjv")]
transform = Transform3D(-0.805763, 0, 0.592238, 0, 1, 0, -0.592238, 0, -0.805763, 6.48942, 2.0014, 45.9324)

[node name="trash80" parent="random_floor_junk" instance=ExtResource("21_e3wjv")]
transform = Transform3D(0.612038, 0, 0.790828, 0, 1, 0, -0.790828, 0, 0.612038, 6.77843, 2.0014, -1.93245)

[node name="trash81" parent="random_floor_junk" instance=ExtResource("21_e3wjv")]
transform = Transform3D(0.977977, 0, 0.208714, 0, 1, 0, -0.208714, 0, 0.977977, 6.78111, 2.0014, -1.01893)

[node name="trash82" parent="random_floor_junk" instance=ExtResource("21_e3wjv")]
transform = Transform3D(0.612038, 0, 0.790828, 0, 1, 0, -0.790828, 0, 0.612038, 8.1028, 2.0014, -10.1266)

[node name="trash83" parent="random_floor_junk" instance=ExtResource("21_e3wjv")]
transform = Transform3D(0.977977, 0, 0.208714, 0, 1, 0, -0.208714, 0, 0.977977, 8.10548, 2.0014, -9.21309)

[node name="trash84" parent="random_floor_junk" instance=ExtResource("21_e3wjv")]
transform = Transform3D(0.612038, 0, 0.790828, 0, 1, 0, -0.790828, 0, 0.612038, 8.1028, 2.0014, -14.4687)

[node name="trash85" parent="random_floor_junk" instance=ExtResource("21_e3wjv")]
transform = Transform3D(0.977977, 0, 0.208714, 0, 1, 0, -0.208714, 0, 0.977977, 8.10548, 2.0014, -13.5552)

[node name="trash86" parent="random_floor_junk" instance=ExtResource("21_e3wjv")]
transform = Transform3D(0.982564, 0, -0.185924, 0, 1, 0, 0.185924, 0, 0.982564, 8.51042, 2.0014, -21.5088)

[node name="trash87" parent="random_floor_junk" instance=ExtResource("21_e3wjv")]
transform = Transform3D(0.630256, 0, -0.776387, 0, 1, 0, 0.776387, 0, 0.630256, 7.69785, 2.0014, -21.0914)

[node name="trash88" parent="random_floor_junk" instance=ExtResource("21_e3wjv")]
transform = Transform3D(-0.288781, 0, -0.957395, 0, 1, 0, 0.957395, 0, -0.288781, 8.26872, 2.0014, -25.3303)

[node name="trash89" parent="random_floor_junk" instance=ExtResource("21_e3wjv")]
transform = Transform3D(-0.83868, 0, -0.544624, 0, 1, 0, 0.544624, 0, -0.83868, 7.93956, 2.0014, -26.1825)

[node name="trash90" parent="random_floor_junk" instance=ExtResource("21_e3wjv")]
transform = Transform3D(-0.288781, 0, -0.957395, 0, 1, 0, 0.957395, 0, -0.288781, 8.26872, 2.0014, -30.1414)

[node name="trash91" parent="random_floor_junk" instance=ExtResource("21_e3wjv")]
transform = Transform3D(-0.83868, 0, -0.544624, 0, 1, 0, 0.544624, 0, -0.83868, 7.93956, 2.0014, -30.9936)

[node name="trash92" parent="random_floor_junk" instance=ExtResource("21_e3wjv")]
transform = Transform3D(0.9987, 0, 0.0509766, 0, 1, 0, -0.0509766, 0, 0.9987, 8.09454, 2.0014, -38.296)

[node name="trash93" parent="random_floor_junk" instance=ExtResource("21_e3wjv")]
transform = Transform3D(0.795537, 0, -0.605905, 0, 1, 0, 0.605905, 0, 0.795537, 7.40329, 2.0014, -37.6987)

[node name="trash94" parent="random_floor_junk" instance=ExtResource("21_e3wjv")]
transform = Transform3D(-0.135666, 0.0421507, 0.989857, 0.0449867, 0.998326, -0.0363458, -0.989732, 0.0395995, -0.137335, 7.46735, 2.22596, -46.9233)

[node name="trash95" parent="random_floor_junk" instance=ExtResource("21_e3wjv")]
transform = Transform3D(0.505853, 0, 0.862619, 0, 1, 0, -0.862619, 0, 0.505853, 8.08693, 2.0014, -46.3089)

[node name="trash56" parent="random_floor_junk" instance=ExtResource("21_e3wjv")]
transform = Transform3D(-0.0755006, 0, -0.997146, 0, 1, 0, 0.997146, 0, -0.0755006, -12.8383, 2.0014, 14.7309)

[node name="trash109" parent="random_floor_junk" instance=ExtResource("21_e3wjv")]
transform = Transform3D(-0.613176, 0.0619021, -0.787517, 0.0380298, 0.998082, 0.0488426, 0.78903, 0, -0.614354, -14.2758, 2.47721, 20.9599)

[node name="trash110" parent="random_floor_junk" instance=ExtResource("21_e3wjv")]
transform = Transform3D(-0.0753558, 0.0619021, -0.995234, 0.00467365, 0.998082, 0.0617255, 0.997146, 0, -0.0755006, -14.5213, 2.49244, 22.0507)

[node name="trash111" parent="random_floor_junk" instance=ExtResource("21_e3wjv")]
transform = Transform3D(0.480575, -0.061122, 0.874821, 0.0808441, 0.996408, 0.025206, -0.873219, 0.0586107, 0.48379, -13.5415, 2.24145, 23.8395)

[node name="trash112" parent="random_floor_junk" instance=ExtResource("21_e3wjv")]
transform = Transform3D(-0.0834037, -0.061122, 0.99464, 0.0534166, 0.996408, 0.0657098, -0.995083, 0.0586107, -0.0798392, -13.4717, 2.31124, 22.7257)

[node name="trash57" parent="random_floor_junk" instance=ExtResource("21_e3wjv")]
transform = Transform3D(0.822144, 0, 0.56928, 0, 1, 0, -0.56928, 0, 0.822144, -14.1544, 2.0014, 18.5357)

[node name="trash58" parent="random_floor_junk" instance=ExtResource("21_e3wjv")]
transform = Transform3D(-0.614354, 0, -0.78903, 0, 1, 0, 0.78903, 0, -0.614354, -13.921, 2.0014, 19.272)

[node name="trash59" parent="random_floor_junk" instance=ExtResource("21_e3wjv")]
transform = Transform3D(-0.0755006, 0, -0.997146, 0, 1, 0, 0.997146, 0, -0.0755006, -14.167, 2.0014, 20.3628)

[node name="trash60" parent="random_floor_junk" instance=ExtResource("21_e3wjv")]
transform = Transform3D(0.479795, 0, 0.877381, 0, 1, 0, -0.877381, 0, 0.479795, -14.5296, 2.0014, 22.5622)

[node name="trash61" parent="random_floor_junk" instance=ExtResource("21_e3wjv")]
transform = Transform3D(-0.195552, 0, -0.980693, 0, 1, 0, 0.980693, 0, -0.195552, -13.9909, 2.0014, 23.1158)

[node name="trash62" parent="random_floor_junk" instance=ExtResource("21_e3wjv")]
transform = Transform3D(0.379424, 0, -0.925223, 0, 1, 0, 0.925223, 0, 0.379424, -13.7219, 2.0014, 24.2012)

[node name="trash63" parent="random_floor_junk" instance=ExtResource("21_e3wjv")]
transform = Transform3D(0.479795, 0, 0.877381, 0, 1, 0, -0.877381, 0, 0.479795, -14.5296, 2.0014, 26.5622)

[node name="trash64" parent="random_floor_junk" instance=ExtResource("21_e3wjv")]
transform = Transform3D(-0.195552, 0, -0.980693, 0, 1, 0, 0.980693, 0, -0.195552, -13.9909, 2.0014, 27.1158)

[node name="trash65" parent="random_floor_junk" instance=ExtResource("21_e3wjv")]
transform = Transform3D(0.379424, 0, -0.925223, 0, 1, 0, 0.925223, 0, 0.379424, -13.7219, 2.0014, 28.2012)

[node name="trash66" parent="random_floor_junk" instance=ExtResource("21_e3wjv")]
transform = Transform3D(0.479795, 0, 0.877381, 0, 1, 0, -0.877381, 0, 0.479795, -14.5296, 2.0014, 32.8722)

[node name="trash67" parent="random_floor_junk" instance=ExtResource("21_e3wjv")]
transform = Transform3D(-0.195552, 0, -0.980693, 0, 1, 0, 0.980693, 0, -0.195552, -13.9909, 2.0014, 33.4258)

[node name="trash68" parent="random_floor_junk" instance=ExtResource("21_e3wjv")]
transform = Transform3D(0.379424, 0, -0.925223, 0, 1, 0, 0.925223, 0, 0.379424, -13.7219, 2.0014, 34.5112)

[node name="trash69" parent="random_floor_junk" instance=ExtResource("21_e3wjv")]
transform = Transform3D(0.87764, 0, 0.47932, 0, 1, 0, -0.47932, 0, 0.87764, -14.0638, 2.0014, 36.7456)

[node name="trash70" parent="random_floor_junk" instance=ExtResource("21_e3wjv")]
transform = Transform3D(-0.694206, 0, -0.719776, 0, 1, 0, 0.719776, 0, -0.694206, -13.9094, 2.0014, 37.5024)

[node name="trash71" parent="random_floor_junk" instance=ExtResource("21_e3wjv")]
transform = Transform3D(-0.18033, 0, -0.983606, 0, 1, 0, 0.983606, 0, -0.18033, -14.2691, 2.0014, 38.5612)

[node name="trash72" parent="random_floor_junk" instance=ExtResource("21_e3wjv")]
transform = Transform3D(0.87764, 0, 0.47932, 0, 1, 0, -0.47932, 0, 0.87764, -14.0638, 2.0014, 39.8923)

[node name="trash73" parent="random_floor_junk" instance=ExtResource("21_e3wjv")]
transform = Transform3D(-0.694206, 0, -0.719776, 0, 1, 0, 0.719776, 0, -0.694206, -13.9094, 2.0014, 40.6492)

[node name="trash74" parent="random_floor_junk" instance=ExtResource("21_e3wjv")]
transform = Transform3D(-0.18033, 0, -0.983606, 0, 1, 0, 0.983606, 0, -0.18033, -14.2691, 2.0014, 41.708)

[node name="trash75" parent="random_floor_junk" instance=ExtResource("21_e3wjv")]
transform = Transform3D(-0.92959, 0, 0.368595, 0, 1, 0, -0.368595, 0, -0.92959, -13.087, 2.0014, 40.1858)

[node name="trash76" parent="random_floor_junk" instance=ExtResource("21_e3wjv")]
transform = Transform3D(0.997271, 0, -0.0738298, 0, 1, 0, 0.0738298, 0, 0.997271, -12.6036, 2.0014, 39.5834)

[node name="trash114" parent="random_floor_junk" instance=ExtResource("21_e3wjv")]
transform = Transform3D(0.87764, 0, 0.47932, 0, 1, 0, -0.47932, 0, 0.87764, -14.0638, 2.0014, 42.5648)

[node name="trash115" parent="random_floor_junk" instance=ExtResource("21_e3wjv")]
transform = Transform3D(-0.694206, 0, -0.719776, 0, 1, 0, 0.719776, 0, -0.694206, -13.9094, 2.0014, 43.3217)

[node name="trash116" parent="random_floor_junk" instance=ExtResource("21_e3wjv")]
transform = Transform3D(-0.18033, 0, -0.983606, 0, 1, 0, 0.983606, 0, -0.18033, -14.2691, 2.0014, 44.3805)

[node name="trash117" parent="random_floor_junk" instance=ExtResource("21_e3wjv")]
transform = Transform3D(-0.92959, 0, 0.368595, 0, 1, 0, -0.368595, 0, -0.92959, -13.087, 2.0014, 42.8583)

[node name="trash118" parent="random_floor_junk" instance=ExtResource("21_e3wjv")]
transform = Transform3D(0.997271, 0, -0.0738298, 0, 1, 0, 0.0738298, 0, 0.997271, -12.6036, 2.0014, 42.2559)

[node name="trash119" parent="random_floor_junk" instance=ExtResource("21_e3wjv")]
transform = Transform3D(-0.599261, 0, -0.800554, 0, 1, 0, 0.800554, 0, -0.599261, -10.9207, 2.0014, 45.6785)

[node name="trash120" parent="random_floor_junk" instance=ExtResource("21_e3wjv")]
transform = Transform3D(0.332523, 0, 0.943095, 0, 1, 0, -0.943095, 0, 0.332523, -11.3755, 2.0014, 45.0541)

[node name="trash121" parent="random_floor_junk" instance=ExtResource("21_e3wjv")]
transform = Transform3D(-0.244512, 0, 0.969646, 0, 1, 0, -0.969646, 0, -0.244512, -11.4881, 2.0014, 43.9415)

[node name="trash122" parent="random_floor_junk" instance=ExtResource("21_e3wjv")]
transform = Transform3D(0.998708, 0, 0.0508196, 0, 1, 0, -0.0508196, 0, 0.998708, -11.9312, 2.0014, 45.8172)

[node name="trash123" parent="random_floor_junk" instance=ExtResource("21_e3wjv")]
transform = Transform3D(-0.937841, 0, -0.347067, 0, 1, 0, 0.347067, 0, -0.937841, -12.1207, 2.0014, 46.566)

[node name="trash124" parent="random_floor_junk" instance=ExtResource("21_e3wjv")]
transform = Transform3D(0.0525728, -0.0610308, 0.99675, 0.00485774, 0.998134, 0.0608594, -0.998605, 0.0016424, 0.0527712, -14.6528, 2.43842, 45.5419)

[node name="trash125" parent="random_floor_junk" instance=ExtResource("21_e3wjv")]
transform = Transform3D(0.24144, 0.0466358, -0.969294, 0.0569669, 0.996441, 0.0621317, 0.968742, -0.0702188, 0.237924, -13.9344, 2.42147, 45.8144)

[node name="trash126" parent="random_floor_junk" instance=ExtResource("21_e3wjv")]
transform = Transform3D(0.936588, 0.200723, -0.287252, -0.222674, 0.973828, -0.0455493, 0.270592, 0.106625, 0.956771, -13.229, 2.28569, 46.6813)

[node name="trash127" parent="random_floor_junk" instance=ExtResource("21_e3wjv")]
transform = Transform3D(-0.794287, 0.137099, -0.591871, 0.152014, 0.988065, 0.02487, 0.588217, -0.0702188, -0.805649, -13.8972, 2.37498, 44.8739)

[node name="trash128" parent="random_floor_junk" instance=ExtResource("21_e3wjv")]
transform = Transform3D(0.581017, 0.137099, 0.802261, -0.137627, 0.988065, -0.0691783, -0.802171, -0.0702187, 0.592952, -14.1536, 2.35878, 44.1455)

[node name="trash77" parent="random_floor_junk" instance=ExtResource("21_e3wjv")]
transform = Transform3D(0.871719, 0, 0.490007, 0, 1, 0, -0.490007, 0, 0.871719, -11.5594, 2.0014, 39.1833)

[node name="trash20" parent="random_floor_junk" instance=ExtResource("21_e3wjv")]
transform = Transform3D(-0.499123, 0, 0.866531, 0, 1, 0, -0.866531, 0, -0.499123, -11.6612, 2.0014, -40.2154)

[node name="trash_cans" type="Node3D" parent="."]

[node name="trashcan" parent="trash_cans" instance=ExtResource("22_2qt8c")]
transform = Transform3D(1, 0, 0, 0, 1, 0, 0, 0, 1, -14.3404, 2.70821, 0.902214)

[node name="trashcan3" parent="trash_cans" instance=ExtResource("22_2qt8c")]
